  -3.0000000   0.2224745   0.0454922   0.5146497   0.5117052
  -2.9600000   0.2261160   0.0427863   0.5120158   0.5113433
  -2.9200000   0.2297114   0.0402116   0.5096467   0.5109859
  -2.8800000   0.2333284   0.0377651   0.5075395   0.5107173
  -2.8400000   0.2369332   0.0354434   0.5056912   0.5104675
  -2.8000000   0.2405526   0.0332428   0.5040988   0.5103094
  -2.7600000   0.2441466   0.0311595   0.5027595   0.5101419
  -2.7200000   0.2477055   0.0291893   0.5016702   0.5100085
  -2.6800000   0.2512239   0.0273280   0.5008283   0.5099253
  -2.6400000   0.2547276   0.0255713   0.5002308   0.5098853
  -2.6000000   0.2581659   0.0239148   0.4998753   0.5098668
  -2.5600000   0.2615805   0.0223542   0.4997593   0.5099303
  -2.5200000   0.2649351   0.0208851   0.4998805   0.5099501
  -2.4800000   0.2682309   0.0195032   0.5002366   0.5099700
  -2.4400000   0.2714718   0.0182042   0.5008256   0.5100269
  -2.4000000   0.2746775   0.0169842   0.5016457   0.5101300
  -2.3600000   0.2778006   0.0158389   0.5026952   0.5101996
  -2.3200000   0.2808714   0.0147645   0.5039723   0.5103366
  -2.2800000   0.2838595   0.0137572   0.5054758   0.5105005
  -2.2400000   0.2868319   0.0128133   0.5072043   0.5106495
  -2.2000000   0.2897298   0.0119293   0.5091565   0.5108098
  -2.1600000   0.2925607   0.0111018   0.5113316   0.5110302
  -2.1200000   0.2953137   0.0103276   0.5137283   0.5112027
  -2.0800000   0.2980276   0.0096036   0.5163459   0.5113951
  -2.0400000   0.3006805   0.0089268   0.5191834   0.5116242
  -2.0000000   0.3032411   0.0082944   0.5222401   0.5118387
  -1.9600000   0.3057616   0.0077037   0.5255152   0.5120576
  -1.9200000   0.3082248   0.0071523   0.5290076   0.5123484
  -1.8800000   0.3106349   0.0066376   0.5327165   0.5125431
  -1.8400000   0.3129607   0.0061574   0.5366407   0.5127929
  -1.8000000   0.3152598   0.0057096   0.5407787   0.5130504
  -1.7600000   0.3175048   0.0052921   0.5451287   0.5133431
  -1.7200000   0.3196511   0.0049030   0.5496882   0.5135673
  -1.6800000   0.3217535   0.0045405   0.5544540   0.5138647
  -1.6400000   0.3237949   0.0042027   0.5594218   0.5141583
  -1.6000000   0.3257884   0.0038883   0.5645853   0.5144351
  -1.5600000   0.3277306   0.0035955   0.5699363   0.5147400
  -1.5200000   0.3295849   0.0033229   0.5754631   0.5150176
  -1.4800000   0.3313874   0.0030693   0.5811496   0.5153332
  -1.4400000   0.3330937   0.0028333   0.5869732   0.5156963
  -1.4000000   0.3347264   0.0026137   0.5929024   0.5160133
  -1.3600000   0.3362616   0.0024093   0.5988932   0.5163386
  -1.3200000   0.3376660   0.0022192   0.6048837   0.5167225
  -1.2800000   0.3389186   0.0020421   0.6107877   0.5170895
  -1.2400000   0.3400009   0.0018773   0.6164842   0.5174992
  -1.2000000   0.3409076   0.0017237   0.6218045   0.5179421
  -1.1600000   0.3414575   0.0015805   0.6265130   0.5184389
  -1.1200000   0.3416914   0.0014467   0.6302824   0.5189689
  -1.0800000   0.3415116   0.0013214   0.6326588   0.5196045
  -1.0400000   0.3407993   0.0012038   0.6330168   0.5203719
  -1.0000000   0.3395162   0.0010927   0.6304995   0.5212553
  -0.9600000   0.3375479   0.0009869   0.6239461   0.5225105
  -0.9200000   0.3349049   0.0008850   0.6118114   0.5242158
  -0.8800000   0.3315999   0.0007851   0.5921055   0.5267448
  -0.8400000   0.3277429   0.0006852   0.5624192   0.5307252
  -0.8000000   0.3236880   0.0005837   0.5201783   0.5372236
  -0.7600000   0.3197666   0.0004797   0.4633529   0.5481475
  -0.7200000   0.3165981   0.0003747   0.3918602   0.5671506
  -0.6800000   0.3149098   0.0002737   0.3095309   0.6012504
  -0.6400000   0.3150955   0.0001850   0.2253055   0.6627231
  -0.6000000   0.3159829   0.0001170   0.1509218   0.7631396
  -0.5600000   0.3109561   0.0000735   0.0947955   0.8843949
  -0.5200000   0.2567450   0.0000523   0.0585232   0.9742974
  -0.4800000   0.5093688   0.0000426   0.0253488   0.0137668
  -0.4400000   0.4483871   0.0000526   0.0155897   0.0919331
  -0.4000000   0.4398258   0.0000723   0.0095838   0.2203099
  -0.3600000   0.4402940   0.0001018   0.0063506   0.3156240
  -0.3200000   0.4439554   0.0001419   0.0047799   0.3616175
  -0.2400000   0.4554338   0.0002573   0.0040197   0.3857731
  -0.2000000   0.4619658   0.0003342   0.0041770   0.3868573
  -0.1600000   0.4683832   0.0004240   0.0044900   0.3866100
  -0.1200000   0.4743035   0.0005260   0.0048910   0.3865668
  -0.0800000   0.4794542   0.0006387   0.0053430   0.3873037
   0.1200000   0.4917651   0.0022491   0.0121822   0.4105124
   0.1600000   0.4912881   0.0035473   0.0254582   0.4283586
   0.2000000   0.4903599   0.0056498   0.0563759   0.4454709
   0.2400000   0.4904648   0.0052313   0.0270001   0.4284463
   0.2800000   0.4897364   0.0073561   0.0432560   0.4382744
   0.3200000   0.4892001   0.0096007   0.0561056   0.4432071
   0.3600000   0.4884426   0.0149935   0.1149600   0.4582090
   0.4000000   0.4878029   0.0475109   0.5065783   0.4885886
   0.4400000   0.4881628   0.0923821   0.6799965   0.4945928
   0.4800000   0.4890553   0.1481831   0.7615848   0.4971276
   0.5600000   0.4908578   0.2396164   0.7996721   0.4987886
   0.6400000   0.5041548   0.5800871   0.9117586   0.5019219
   0.6800000   0.5061182   0.6136911   0.9495501   0.5026408
   0.7200000   0.5058131   0.6047714   0.9351767   0.5029052
   0.7600000   0.5024298   0.5423577   0.8310639   0.5013889
   0.8000000   0.5050106   0.5848049   0.8897378   0.5029878
   0.8400000   0.4991198   0.4783329   0.7431875   0.4996251
   0.8800000   0.5014079   0.5190826   0.7339386   0.4996137
   0.9200000   0.5031748   0.5454778   0.7152267   0.4992879
   0.9600000   0.5029915   0.5405499   0.6746974   0.4980613
   1.0000000   0.5029041   0.5363931   0.6308062   0.4965233
   1.0400000   0.4962774   0.4236409   0.4764430   0.4885117
   1.0800000   0.5029185   0.5310666   0.5348169   0.4920562
   1.1200000   0.5028145   0.5273551   0.4814892   0.4888414
   1.1600000   0.5031526   0.5293798   0.4793883   0.4886910
   1.2000000   0.5034902   0.5312247   0.4772428   0.4885455
   1.2400000   0.5038727   0.5333524   0.4749573   0.4883514
   1.2800000   0.5043175   0.5355193   0.4725333   0.4881587
   1.3200000   0.5047176   0.5379135   0.4702557   0.4879241
   1.3600000   0.5052500   0.5401132   0.4676619   0.4876098
   1.4000000   0.5058011   0.5424756   0.4651310   0.4872955
   1.4400000   0.5063631   0.5449826   0.4621527   0.4868785
   1.4800000   0.5069973   0.5477414   0.4592177   0.4865777
   1.5200000   0.5076652   0.5503623   0.4562152   0.4861740
   1.5600000   0.5084950   0.5533778   0.4529346   0.4856698
   1.6000000   0.5092135   0.5565995   0.4494567   0.4851135
   1.6400000   0.5101251   0.5597403   0.4461214   0.4845054
   1.6800000   0.5110686   0.5630336   0.4426188   0.4838409
   1.7200000   0.5121365   0.5665425   0.4385704   0.4831570
   1.7600000   0.5132862   0.5702756   0.4345743   0.4824025
   1.8000000   0.5144446   0.5741647   0.4302568   0.4814887
   1.8400000   0.5157714   0.5781435   0.4258375   0.4805272
   1.8800000   0.5172564   0.5827531   0.4211100   0.4794352
   1.9200000   0.5187825   0.5868695   0.4162972   0.4782674
   1.9600000   0.5205379   0.5915746   0.4113285   0.4769799
   2.0000000   0.5223457   0.5963519   0.4058958   0.4755600
   2.0400000   0.5243482   0.6013763   0.4003023   0.4739662
   2.0800000   0.5265813   0.6069056   0.3945339   0.4722392
   2.1200000   0.5289497   0.6123167   0.3884472   0.4703470
   2.1600000   0.5315496   0.6180813   0.3822274   0.4682441
   2.2000000   0.5343190   0.6239138   0.3755686   0.4659719
   2.2400000   0.5373891   0.6302640   0.3687900   0.4634837
   2.2800000   0.5406260   0.6365624   0.3616889   0.4606946
   2.3200000   0.5443532   0.6431917   0.3544609   0.4577061
   2.3600000   0.5483367   0.6500673   0.3470880   0.4544518
   2.4000000   0.5525499   0.6568545   0.3394168   0.4508372
   2.4400000   0.5571781   0.6638849   0.3315588   0.4468826
   2.4800000   0.5621152   0.6711490   0.3236824   0.4426805
   2.5200000   0.5675260   0.6781854   0.3155752   0.4379898
   2.5600000   0.5733976   0.6856220   0.3074318   0.4329059
   2.6000000   0.5796686   0.6928537   0.2993133   0.4274193
   2.6400000   0.5864753   0.7001795   0.2912823   0.4215431
   2.6800000   0.5936754   0.7073049   0.2831352   0.4150821
   2.7200000   0.6012211   0.7140676   0.2748746   0.4080354
   2.7600000   0.6096952   0.7213710   0.2676390   0.4009746
   2.8000000   0.6180963   0.7276454   0.2595639   0.3929114
   2.8400000   0.6273265   0.7342028   0.2523672   0.3845849
   2.8800000   0.6368449   0.7403086   0.2451983   0.3756968
   2.9200000   0.6467345   0.7460926   0.2383565   0.3662390
   2.9600000   0.6573704   0.7519139   0.2322123   0.3568105
   3.0000000   0.6679786   0.7571004   0.2260329   0.3465148
