  -3.0000000  -2.5244307  -1.8000000  -1.2000000  -0.3399854
  -2.9600000  -2.4973695  -1.7760000  -1.1840000  -0.3329732
  -2.9200000  -2.4701314  -1.7520000  -1.1680000  -0.3259309
  -2.8800000  -2.4427203  -1.7280000  -1.1520000  -0.3188673
  -2.8400000  -2.4151209  -1.7040000  -1.1360000  -0.3117512
  -2.8000000  -2.3873414  -1.6800000  -1.1200000  -0.3046170
  -2.7600000  -2.3593747  -1.6560000  -1.1040000  -0.2974427
  -2.7200000  -2.3312238  -1.6320000  -1.0880000  -0.2902385
  -2.6800000  -2.3028924  -1.6080000  -1.0720000  -0.2830038
  -2.6400000  -2.2743827  -1.5840000  -1.0560000  -0.2757440
  -2.6000000  -2.2457007  -1.5600000  -1.0400000  -0.2684477
  -2.5600000  -2.2168457  -1.5360000  -1.0240000  -0.2611158
  -2.5200000  -2.1878330  -1.5120000  -1.0080000  -0.2537592
  -2.4800000  -2.1586571  -1.4880000  -0.9920000  -0.2463758
  -2.4400000  -2.1293383  -1.4640000  -0.9760000  -0.2389642
  -2.4000000  -2.0998785  -1.4400000  -0.9600000  -0.2315271
  -2.3600000  -2.0702764  -1.4160000  -0.9440000  -0.2240622
  -2.3200000  -2.0405474  -1.3920000  -0.9280000  -0.2165651
  -2.2800000  -2.0107005  -1.3680000  -0.9120000  -0.2090516
  -2.2400000  -1.9807422  -1.3440000  -0.8960000  -0.2015101
  -2.2000000  -1.9506754  -1.3200000  -0.8800000  -0.1939440
  -2.1600000  -1.9204978  -1.2960000  -0.8640000  -0.1863636
  -2.1200000  -1.8902311  -1.2720000  -0.8480000  -0.1787555
  -2.0800000  -1.8598751  -1.2480000  -0.8320000  -0.1711306
  -2.0400000  -1.8294297  -1.2240000  -0.8160000  -0.1634911
  -2.0000000  -1.7989056  -1.2000000  -0.8000000  -0.1558373
  -1.9600000  -1.7682992  -1.1760000  -0.7840000  -0.1481812
  -1.9200000  -1.7376105  -1.1520000  -0.7680000  -0.1405208
  -1.8800000  -1.7068338  -1.1280000  -0.7520000  -0.1328602
  -1.8400000  -1.6759846  -1.1040000  -0.7360000  -0.1252125
  -1.8000000  -1.6450427  -1.0800000  -0.7200000  -0.1175945
  -1.7600000  -1.6139923  -1.0560000  -0.7040000  -0.1100165
  -1.7200000  -1.5828315  -1.0320000  -0.6880000  -0.1024950
  -1.6400000  -1.5200540  -0.9840000  -0.6560000  -0.0877368
  -1.6000000  -1.4883832  -0.9600000  -0.6400000  -0.0805679
  -1.5600000  -1.4564570  -0.9360000  -0.6240000  -0.0735922
  -1.5200000  -1.4242358  -0.9120000  -0.6080000  -0.0668553
  -1.4800000  -1.3916627  -0.8880000  -0.5920000  -0.0604083
  -1.4400000  -1.3586865  -0.8640000  -0.5760000  -0.0543042
  -1.4000000  -1.3252557  -0.8400000  -0.5600000  -0.0485697
  -1.3600000  -1.2913433  -0.8160000  -0.5440000  -0.0432497
  -1.3200000  -1.2569255  -0.7920000  -0.5280000  -0.0383553
  -1.2800000  -1.2219996  -0.7680000  -0.5120000  -0.0338920
  -1.2400000  -1.1865923  -0.7440000  -0.4960000  -0.0298467
  -1.2000000  -1.1507156  -0.7200000  -0.4800000  -0.0261950
  -1.1600000  -1.1144210  -0.6960000  -0.4640000  -0.0229062
  -1.1200000  -1.0777474  -0.6720000  -0.4480000  -0.0199520
  -1.0800000  -1.0407402  -0.6480000  -0.4320000  -0.0172897
  -1.0400000  -1.0034412  -0.6240000  -0.4160000  -0.0148798
  -1.0000000  -0.9658903  -0.6000000  -0.4000000  -0.0126963
  -0.9600000  -0.9281263  -0.5760000  -0.3840000  -0.0107015
  -0.9200000  -0.8901820  -0.5520000  -0.3680000  -0.0088679
  -0.8800000  -0.8520843  -0.5280000  -0.3520000  -0.0071708
  -0.8400000  -0.8138650  -0.5040000  -0.3360000  -0.0055901
  -0.8000000  -0.7755428  -0.4800000  -0.3200000  -0.0041049
  -0.7600000  -0.7371292  -0.4560000  -0.3040000  -0.0027167
  -0.7200000  -0.6986215  -0.4320000  -0.2880000  -0.0014289
  -0.6800000  -0.6600133  -0.4080000  -0.2720000  -0.0002552
  -0.6400000  -0.6212927  -0.3840000  -0.2560000   0.0008033
  -0.6000000  -0.5824740  -0.3600000  -0.2400000   0.0017679
  -0.5600000  -0.5435807  -0.3360000  -0.2240000   0.0026703
  -0.5200000  -0.5046398  -0.3120000  -0.2080000   0.0035471
  -0.4800000  -0.4656767  -0.2880000  -0.1920000   0.0044173
  -0.4400000  -0.4267028  -0.2640000  -0.1760000   0.0052897
  -0.4000000  -0.3877287  -0.2400000  -0.1600000   0.0061720
  -0.3600000  -0.3487644  -0.2160000  -0.1440000   0.0070671
  -0.3200000  -0.3098173  -0.1920000  -0.1280000   0.0079818
  -0.2400000  -0.2320258  -0.1440000  -0.0960000   0.0099097
  -0.2000000  -0.1932123  -0.1200000  -0.0800000   0.0109470
  -0.1600000  -0.1544826  -0.0960000  -0.0640000   0.0120574
  -0.1200000  -0.1158657  -0.0720000  -0.0480000   0.0132660
  -0.0800000  -0.0773981  -0.0480000  -0.0320000   0.0146030
  -0.0400000  -0.0391210  -0.0240000  -0.0160000   0.0161069
   0.0400000   0.0354127   0.0160000   0.0160000   0.0204740
   0.0800000   0.0677955   0.0167165   0.0167157   0.0252626
   0.1200000   0.0994681   0.0244752   0.0244752   0.0317214
   0.1600000   0.1292383   0.0322803   0.0322799   0.0402685
   0.2000000   0.1544581   0.0327777   0.0327776   0.0528898
   0.2400000   0.1821986   0.0431747   0.0431741   0.0641950
   0.2800000   0.2111423   0.0577649   0.0577636   0.0747689
   0.3200000   0.2370145   0.0660962   0.0660955   0.0879132
   0.3600000   0.2620843   0.0726158   0.0726131   0.1017376
   0.4000000   0.2879070   0.0791357   0.0791304   0.1147961
   0.4400000   0.3205198   0.1036688   0.1036659   0.1225971
   0.4800000   0.3474137   0.0984797   0.0984773   0.1334618
   0.5200000   0.3797506   0.1100688   0.1100673   0.1402923
   0.5600000   0.4136154   0.1267741   0.1193263   0.1456924
   0.6000000   0.4425390   0.1514406   0.1514356   0.1575030
   0.6400000   0.4744087   0.1694986   0.1694983   0.1653590
   0.6800000   0.5059636   0.1913428   0.1913422   0.1739151
   0.7200000   0.5376100   0.2154938   0.2154928   0.1826446
   0.7600000   0.5696338   0.2377168   0.2377120   0.1907963
   0.8000000   0.6023788   0.2693412   0.2693412   0.1993373
   0.8400000   0.6345649   0.2861671   0.2854681   0.2066944
   0.8800000   0.6673662   0.3105755   0.3014093   0.2138857
   0.9200000   0.7001820   0.3349941   0.3173402   0.2210604
   0.9600000   0.7330117   0.3594321   0.3332381   0.2282127
   1.0000000   0.7658655   0.3838647   0.3491579   0.2353413
   1.0400000   0.7987477   0.4083042   0.3650404   0.2424451
   1.0800000   0.8316492   0.4327754   0.3809643   0.2495376
   1.1200000   0.8645691   0.4572213   0.3967917   0.2565850
   1.1600000   0.8975094   0.4816792   0.4126581   0.2636235
   1.2000000   0.9304802   0.5061482   0.4284927   0.2706227
   1.2400000   0.9634835   0.5306145   0.4443294   0.2775968
   1.2800000   0.9965055   0.5550892   0.4601695   0.2845427
   1.3200000   1.0295612   0.5795269   0.4760150   0.2914547
   1.3600000   1.0626387   0.6040318   0.4918273   0.2983351
   1.4000000   1.0957461   0.6285012   0.5076490   0.3051769
   1.4400000   1.1288840   0.6529457   0.5234771   0.3120100
   1.4800000   1.1620650   0.6774033   0.5393095   0.3187758
   1.5200000   1.1952696   0.7018544   0.5551191   0.3255157
   1.5600000   1.2285170   0.7262672   0.5710154   0.3322213
   1.6400000   1.2950706   0.7750297   0.6027275   0.3455043
   1.6800000   1.3284116   0.7993986   0.6186494   0.3520943
   1.7200000   1.3617639   0.8236712   0.6345567   0.3586375
   1.7600000   1.3951713   0.8479449   0.6505032   0.3651172
   1.8000000   1.4286010   0.8721926   0.6666005   0.3715985
   1.8400000   1.4620644   0.8963459   0.6826464   0.3780058
   1.8800000   1.4955477   0.9204274   0.6988018   0.3844163
   1.9200000   1.5290449   0.9444509   0.7150073   0.3907469
   1.9600000   1.5625618   0.9683440   0.7312892   0.3970594
   2.0000000   1.5960896   0.9921622   0.7476778   0.4033448
   2.0400000   1.6296191   1.0158922   0.7641643   0.4096064
   2.0800000   1.6631546   1.0395015   0.7807883   0.4158482
   2.1200000   1.6967047   1.0630973   0.7975608   0.4221069
   2.1600000   1.7301836   1.0864677   0.8144360   0.4283429
   2.2000000   1.7636458   1.1097287   0.8315096   0.4346183
   2.2400000   1.7970115   1.1327556   0.8485692   0.4408713
   2.2800000   1.8303521   1.1557850   0.8660279   0.4472300
   2.3200000   1.8635782   1.1786153   0.8835334   0.4536085
   2.3600000   1.8966293   1.2013137   0.9011869   0.4600985
   2.4000000   1.9295145   1.2237570   0.9189990   0.4667110
   2.4400000   1.9622425   1.2461887   0.9370695   0.4734571
   2.4800000   1.9947007   1.2683237   0.9551610   0.4803972
   2.5200000   2.0270358   1.2906552   0.9737566   0.4876027
   2.5600000   2.0589758   1.3126534   0.9923164   0.4950481
   2.6000000   2.0905437   1.3346145   1.0111263   0.5028248
   2.6400000   2.1219509   1.3567810   1.0303906   0.5110360
   2.6800000   2.1526287   1.3784387   1.0494237   0.5195800
   2.7200000   2.1831884   1.4003673   1.0688447   0.5286587
   2.7600000   2.2131234   1.4220793   1.0884060   0.5382688
   2.8000000   2.2425572   1.4437542   1.1080746   0.5483956
   2.8400000   2.2715280   1.4654585   1.1280589   0.5592362
   2.8800000   2.2996320   1.4863882   1.1473272   0.5702457
   2.9200000   2.3278649   1.5087017   1.1685219   0.5830459
   2.9600000   2.3552086   1.5301554   1.1888426   0.5958873
   3.0000000   2.3829427   1.5529826   1.2103583   0.6101297
