  -3.0000000  -2.4665303  -1.8000000  -1.2000000  -0.4489636
  -2.9600000  -2.4376349  -1.7760000  -1.1840000  -0.4413439
  -2.9200000  -2.4085770  -1.7520000  -1.1680000  -0.4336882
  -2.8800000  -2.3794008  -1.7280000  -1.1520000  -0.4260152
  -2.8400000  -2.3500980  -1.7040000  -1.1360000  -0.4183136
  -2.8000000  -2.3206886  -1.6800000  -1.1200000  -0.4105990
  -2.7600000  -2.2911622  -1.6560000  -1.1040000  -0.4028543
  -2.7200000  -2.2615226  -1.6320000  -1.0880000  -0.3950895
  -2.6800000  -2.2317750  -1.6080000  -1.0720000  -0.3873087
  -2.6400000  -2.2019362  -1.5840000  -1.0560000  -0.3795122
  -2.6000000  -2.1719933  -1.5600000  -1.0400000  -0.3716974
  -2.5600000  -2.1419677  -1.5360000  -1.0240000  -0.3638757
  -2.5200000  -2.1118521  -1.5120000  -1.0080000  -0.3560270
  -2.4800000  -2.0816525  -1.4880000  -0.9920000  -0.3481601
  -2.4400000  -2.0513755  -1.4640000  -0.9760000  -0.3402817
  -2.4000000  -2.0210318  -1.4400000  -0.9600000  -0.3323942
  -2.3600000  -1.9906111  -1.4160000  -0.9440000  -0.3244856
  -2.3200000  -1.9601270  -1.3920000  -0.9280000  -0.3165726
  -2.2800000  -1.9295747  -1.3680000  -0.9120000  -0.3086492
  -2.2400000  -1.8989767  -1.3440000  -0.8960000  -0.3007097
  -2.2000000  -1.8683198  -1.3200000  -0.8800000  -0.2927587
  -2.1600000  -1.8376093  -1.2960000  -0.8640000  -0.2848037
  -2.1200000  -1.8068459  -1.2720000  -0.8480000  -0.2768293
  -2.0800000  -1.7760420  -1.2480000  -0.8320000  -0.2688459
  -2.0400000  -1.7451949  -1.2240000  -0.8160000  -0.2608560
  -2.0000000  -1.7142995  -1.2000000  -0.8000000  -0.2528526
  -1.9600000  -1.6833709  -1.1760000  -0.7840000  -0.2448387
  -1.9200000  -1.6524071  -1.1520000  -0.7680000  -0.2368236
  -1.8800000  -1.6214110  -1.1280000  -0.7520000  -0.2287849
  -1.8400000  -1.5903780  -1.1040000  -0.7360000  -0.2207429
  -1.8000000  -1.5593223  -1.0800000  -0.7200000  -0.2126915
  -1.7600000  -1.5282398  -1.0560000  -0.7040000  -0.2046343
  -1.7200000  -1.4971230  -1.0320000  -0.6880000  -0.1965581
  -1.6800000  -1.4659849  -1.0080000  -0.6720000  -0.1884812
  -1.6400000  -1.4348234  -0.9840000  -0.6560000  -0.1803940
  -1.6000000  -1.4036425  -0.9600000  -0.6400000  -0.1722953
  -1.5600000  -1.3724423  -0.9360000  -0.6240000  -0.1641910
  -1.5200000  -1.3412173  -0.9120000  -0.6080000  -0.1560751
  -1.4800000  -1.3099748  -0.8880000  -0.5920000  -0.1479566
  -1.4400000  -1.2787069  -0.8640000  -0.5760000  -0.1398379
  -1.4000000  -1.2474175  -0.8400000  -0.5600000  -0.1317104
  -1.3600000  -1.2161011  -0.8160000  -0.5440000  -0.1235840
  -1.3200000  -1.1847500  -0.7920000  -0.5280000  -0.1154690
  -1.2800000  -1.1533568  -0.7680000  -0.5120000  -0.1073641
  -1.2400000  -1.1219119  -0.7440000  -0.4960000  -0.0992856
  -1.2000000  -1.0904046  -0.7200000  -0.4800000  -0.0912465
  -1.1600000  -1.0587924  -0.6960000  -0.4640000  -0.0832678
  -1.1200000  -1.0270616  -0.6720000  -0.4480000  -0.0753730
  -1.0800000  -0.9951701  -0.6480000  -0.4320000  -0.0676030
  -1.0400000  -0.9630648  -0.6240000  -0.4160000  -0.0600022
  -1.0000000  -0.9306960  -0.6000000  -0.4000000  -0.0526190
  -0.9600000  -0.8979961  -0.5760000  -0.3840000  -0.0455354
  -0.9200000  -0.8649104  -0.5520000  -0.3680000  -0.0388177
  -0.8800000  -0.8313815  -0.5280000  -0.3520000  -0.0325613
  -0.8400000  -0.7973613  -0.5040000  -0.3360000  -0.0268850
  -0.8000000  -0.7628219  -0.4800000  -0.3200000  -0.0219556
  -0.7600000  -0.7277057  -0.4560000  -0.3040000  -0.0180403
  -0.7200000  -0.6919518  -0.4320000  -0.2880000  -0.0156118
  -0.6800000  -0.6554841  -0.4080000  -0.2720000  -0.0155262
  -0.6400000  -0.6182249  -0.3840000  -0.2560000  -0.0193294
  -0.6000000  -0.5800671  -0.3600000  -0.2400000  -0.0294848
  -0.5600000  -0.5404953  -0.3360000  -0.2240000  -0.0490880
  -0.5200000  -0.4946955  -0.3120000  -0.2080000  -0.0864303
  -0.4800000  -0.4810280  -0.2880000  -0.1920000   0.1014448
  -0.4400000  -0.4354939  -0.2640000  -0.1760000   0.0547027
  -0.4000000  -0.3949893  -0.2400000  -0.1600000   0.0306543
  -0.3600000  -0.3554869  -0.2160000  -0.1440000   0.0194879
  -0.3200000  -0.3164968  -0.1920000  -0.1280000   0.0152808
  -0.2400000  -0.2398412  -0.1440000  -0.0960000   0.0151343
  -0.2000000  -0.2022280  -0.1200000  -0.0800000   0.0168453
  -0.1600000  -0.1651513  -0.0960000  -0.0640000   0.0192617
  -0.1200000  -0.1286535  -0.0720000  -0.0480000   0.0223088
  -0.0800000  -0.0927627  -0.0480000  -0.0320000   0.0259797
   0.1200000   0.0677676   0.0480003   0.0480000   0.0627504
   0.1600000   0.0885504   0.0472100   0.0472071   0.0802435
   0.2000000   0.1074979   0.0443293   0.0443290   0.0996252
   0.2400000   0.1498241   0.0890280   0.0890258   0.0993242
   0.2800000   0.1731663   0.0956446   0.0956436   0.1150656
   0.3200000   0.1996853   0.1088261   0.1088255   0.1281510
   0.3600000   0.2186599   0.1071098   0.1071056   0.1476036
   0.4000000   0.2258318   0.0808975   0.0808945   0.1769774
   0.4400000   0.2518800   0.0909462   0.0909445   0.1902022
   0.4800000   0.2808757   0.1059174   0.1059151   0.2008175
   0.5600000   0.3414601   0.1414673   0.1414624   0.2198470
   0.6400000   0.4092783   0.1629107   0.1540134   0.2299331
   0.6800000   0.4511888   0.2017809   0.1471049   0.2276767
   0.7200000   0.4796139   0.2198022   0.1711479   0.2392365
   0.7600000   0.4973965   0.2240699   0.2240698   0.2620821
   0.8000000   0.5360879   0.2554010   0.2213524   0.2628170
   0.8400000   0.5575138   0.2724369   0.2724352   0.2826633
   0.8800000   0.5888627   0.2899916   0.2899908   0.2909908
   0.9200000   0.6201229   0.3088365   0.3088353   0.2995177
   0.9600000   0.6510620   0.3313480   0.3313457   0.3087817
   1.0000000   0.6822221   0.3542151   0.3542088   0.3178644
   1.0400000   0.7146605   0.3935285   0.3935254   0.3276775
   1.0800000   0.7453708   0.4012011   0.4011978   0.3354161
   1.1200000   0.7774709   0.4258993   0.4258938   0.3438600
   1.1600000   0.8097205   0.4500700   0.4420428   0.3516002
   1.2000000   0.8419875   0.4742910   0.4581746   0.3593218
   1.2400000   0.8742656   0.4984828   0.4743054   0.3670326
   1.2800000   0.9065529   0.5226884   0.4904346   0.3747231
   1.3200000   0.9388685   0.5468737   0.5065080   0.3823993
   1.3600000   0.9711835   0.5711181   0.5226113   0.3900668
   1.4000000   1.0035185   0.5953563   0.5386712   0.3977103
   1.4400000   1.0358764   0.6195916   0.5547880   0.4053468
   1.4800000   1.0682478   0.6438024   0.5708637   0.4129347
   1.5200000   1.1006410   0.6680687   0.5869187   0.4205124
   1.5600000   1.1330338   0.6922806   0.6029971   0.4280780
   1.6000000   1.1654793   0.7164757   0.6190824   0.4356207
   1.6400000   1.1979215   0.7407183   0.6350969   0.4431386
   1.6800000   1.2303931   0.7649580   0.6511079   0.4506304
   1.7200000   1.2628779   0.7891799   0.6672065   0.4580862
   1.7600000   1.2953863   0.8133806   0.6832509   0.4655137
   1.8000000   1.3279361   0.8375759   0.6993325   0.4729293
   1.8400000   1.3604963   0.8617830   0.7153962   0.4803071
   1.8800000   1.3930707   0.8858558   0.7314969   0.4876620
   1.9200000   1.4256876   0.9100980   0.7475753   0.4949792
   1.9600000   1.4583077   0.9342116   0.7636497   0.5022652
   2.0000000   1.4909737   0.9583391   0.7798142   0.5095201
   2.0400000   1.5236558   0.9824269   0.7959833   0.5167505
   2.0800000   1.5563473   1.0063852   0.8121628   0.5239435
   2.1200000   1.5890740   1.0304113   0.8284043   0.5311034
   2.1600000   1.6218147   1.0543445   0.8446503   0.5382386
   2.2000000   1.6545878   1.0782787   0.8610178   0.5453352
   2.2400000   1.6873612   1.1020356   0.8774003   0.5524019
   2.2800000   1.7201729   1.1258233   0.8938861   0.5594594
   2.3200000   1.7529336   1.1494779   0.9104087   0.5664773
   2.3600000   1.7857082   1.1730140   0.9269856   0.5734715
   2.4000000   1.8185058   1.1965726   0.9437047   0.5804688
   2.4400000   1.8512696   1.2199825   0.9605386   0.5874636
   2.4800000   1.8840294   1.2432168   0.9774217   0.5944275
   2.5200000   1.9167275   1.2665091   0.9944937   0.6014388
   2.5600000   1.9493589   1.2894697   1.0116786   0.6084725
   2.6000000   1.9819345   1.3124318   1.0289662   0.6155381
   2.6400000   2.0143920   1.3351722   1.0463415   0.6226390
   2.6800000   2.0467665   1.3578660   1.0639919   0.6298592
   2.7200000   2.0790602   1.3806378   1.0819912   0.6372206
   2.7600000   2.1110044   1.4026579   1.0993849   0.6445142
   2.8000000   2.1429895   1.4253201   1.1178851   0.6521655
   2.8400000   2.1745860   1.4473445   1.1359227   0.6599027
   2.8800000   2.2059908   1.4694418   1.1543811   0.6678910
   2.9200000   2.2371176   1.4914680   1.1729881   0.6761865
   2.9600000   2.2676945   1.5128712   1.1912335   0.6845356
   3.0000000   2.2980734   1.5345805   1.2101743   0.6934616
