  -3.0000000   0.1172845   0.0532850   0.7606415   0.5957902
  -2.9600000   0.1202506   0.0499073   0.7608155   0.5936089
  -2.9200000   0.1234192   0.0466809   0.7611602   0.5915650
  -2.8800000   0.1267838   0.0436061   0.7616767   0.5896930
  -2.8400000   0.1303160   0.0406820   0.7623653   0.5878396
  -2.8000000   0.1340100   0.0379071   0.7632261   0.5861602
  -2.7600000   0.1378407   0.0352791   0.7642584   0.5845424
  -2.7200000   0.1417929   0.0327952   0.7654612   0.5830280
  -2.6800000   0.1458507   0.0304518   0.7668329   0.5816068
  -2.6400000   0.1499950   0.0282450   0.7683716   0.5803009
  -2.6000000   0.1542113   0.0261704   0.7700750   0.5790429
  -2.5600000   0.1584735   0.0242233   0.7719403   0.5778282
  -2.5200000   0.1627816   0.0223987   0.7739643   0.5767087
  -2.4800000   0.1670991   0.0206915   0.7761437   0.5756676
  -2.4400000   0.1714375   0.0190964   0.7784747   0.5746890
  -2.4000000   0.1757750   0.0176081   0.7809531   0.5737822
  -2.3600000   0.1800816   0.0162213   0.7835745   0.5729269
  -2.3200000   0.1843632   0.0149306   0.7863339   0.5720883
  -2.2800000   0.1886156   0.0137308   0.7892263   0.5713553
  -2.2400000   0.1928297   0.0126169   0.7922459   0.5706493
  -2.2000000   0.1969895   0.0115837   0.7953867   0.5699825
  -2.1600000   0.2010640   0.0106265   0.7986420   0.5694110
  -2.1200000   0.2050891   0.0097406   0.8020046   0.5688380
  -2.0800000   0.2090455   0.0089214   0.8054662   0.5683209
  -2.0400000   0.2129134   0.0081648   0.8090178   0.5678590
  -2.0000000   0.2167094   0.0074664   0.8126489   0.5674347
  -1.9600000   0.2204086   0.0068226   0.8163476   0.5671037
  -1.9200000   0.2239995   0.0062296   0.8200997   0.5668211
  -1.8800000   0.2274561   0.0056838   0.8238883   0.5665707
  -1.8400000   0.2308330   0.0051821   0.8276932   0.5663866
  -1.8000000   0.2340684   0.0047214   0.8314897   0.5663144
  -1.7600000   0.2371218   0.0042988   0.8352476   0.5663275
  -1.7200000   0.2400208   0.0039117   0.8389296   0.5664146
  -1.6400000   0.2451054   0.0032342   0.8458735   0.5669307
  -1.6000000   0.2472584   0.0029396   0.8490130   0.5673797
  -1.5600000   0.2490504   0.0026718   0.8518299   0.5679386
  -1.5200000   0.2504933   0.0024292   0.8542342   0.5685777
  -1.4800000   0.2515572   0.0022102   0.8561258   0.5692717
  -1.4400000   0.2522610   0.0020133   0.8573979   0.5700038
  -1.4000000   0.2526277   0.0018370   0.8579408   0.5705636
  -1.3600000   0.2527862   0.0016799   0.8576465   0.5709589
  -1.3200000   0.2528386   0.0015406   0.8564107   0.5710134
  -1.2800000   0.2529292   0.0014174   0.8541336   0.5706330
  -1.2400000   0.2532871   0.0013088   0.8507161   0.5696914
  -1.2000000   0.2539682   0.0012132   0.8460520   0.5680867
  -1.1600000   0.2551834   0.0011289   0.8400152   0.5657619
  -1.1200000   0.2570066   0.0010546   0.8324382   0.5627552
  -1.0800000   0.2595040   0.0009885   0.8230788   0.5590192
  -1.0400000   0.2626922   0.0009291   0.8115651   0.5545528
  -1.0000000   0.2665580   0.0008748   0.7973043   0.5494916
  -0.9600000   0.2710793   0.0008235   0.7793383   0.5438505
  -0.9200000   0.2761957   0.0007730   0.7561263   0.5377261
  -0.8800000   0.2818170   0.0007200   0.7252703   0.5312198
  -0.8400000   0.2879196   0.0006604   0.6833027   0.5244421
  -0.8000000   0.2944324   0.0005892   0.6259085   0.5174326
  -0.7600000   0.3013273   0.0005025   0.5493111   0.5103355
  -0.7200000   0.3086019   0.0004008   0.4534394   0.5031604
  -0.6800000   0.3163382   0.0002925   0.3456755   0.4958871
  -0.6400000   0.3245275   0.0001937   0.2407861   0.4884147
  -0.6000000   0.3331626   0.0001185   0.1538237   0.4806573
  -0.5600000   0.3421039   0.0000717   0.0917271   0.4726521
  -0.5200000   0.3512101   0.0000494   0.0523158   0.4644261
  -0.4800000   0.3604294   0.0000452   0.0292786   0.4560772
  -0.4400000   0.3696898   0.0000544   0.0165394   0.4476974
  -0.4000000   0.3789775   0.0000748   0.0097883   0.4393217
  -0.3600000   0.3883006   0.0001063   0.0063738   0.4310103
  -0.3200000   0.3976378   0.0001501   0.0047798   0.4227876
  -0.2400000   0.4163753   0.0002844   0.0041036   0.4067039
  -0.2000000   0.4257438   0.0003819   0.0043361   0.3989475
  -0.1600000   0.4350839   0.0005057   0.0047468   0.3914668
  -0.1200000   0.4443564   0.0006612   0.0052727   0.3843473
  -0.0800000   0.4535104   0.0008544   0.0058829   0.3777162
  -0.0400000   0.4624486   0.0010917   0.0065624   0.3717112
   0.0400000   0.4830442   0.0021869   0.0095211   0.3643244
   0.0800000   0.4989442   0.0043589   0.0202937   0.3776070
   0.1200000   0.5075079   0.0071829   0.0329936   0.3887917
   0.1600000   0.5121144   0.0112175   0.0521348   0.4017252
   0.2000000   0.5140261   0.0186448   0.1009108   0.4209541
   0.2400000   0.5141058   0.0264763   0.1410108   0.4304458
   0.2800000   0.5138626   0.0350374   0.1715179   0.4358063
   0.3200000   0.5136379   0.0513723   0.2485192   0.4451458
   0.3600000   0.5137914   0.0813277   0.3719549   0.4547769
   0.4000000   0.5149581   0.1408633   0.5341171   0.4631752
   0.4400000   0.5148851   0.1417356   0.4736619   0.4603033
   0.4800000   0.5220635   0.3671438   0.7501577   0.4710822
   0.5200000   0.5274249   0.4834518   0.7870464   0.4722447
   0.5600000   0.5321195   0.5623510   0.8156373   0.4731360
   0.6000000   0.5291846   0.5018624   0.7301569   0.4705027
   0.6400000   0.5317563   0.5375210   0.7151659   0.4699435
   0.6800000   0.5324300   0.5393047   0.6768120   0.4684423
   0.7200000   0.5321151   0.5260081   0.6232648   0.4660843
   0.7600000   0.5331393   0.5322879   0.5811451   0.4638735
   0.8000000   0.5303981   0.4809814   0.4806908   0.4578936
   0.8400000   0.5341569   0.5295252   0.4794816   0.4574090
   0.8800000   0.5348779   0.5316068   0.4772295   0.4568601
   0.9200000   0.5356668   0.5337728   0.4748617   0.4562563
   0.9600000   0.5365331   0.5359753   0.4724972   0.4556272
   1.0000000   0.5374205   0.5383598   0.4698289   0.4549710
   1.0400000   0.5383113   0.5408587   0.4671749   0.4542857
   1.0800000   0.5392716   0.5433463   0.4641167   0.4534794
   1.1200000   0.5403163   0.5461265   0.4613617   0.4527480
   1.1600000   0.5414400   0.5490045   0.4582095   0.4518633
   1.2000000   0.5425934   0.5519912   0.4550124   0.4509958
   1.2400000   0.5437749   0.5551562   0.4516002   0.4500510
   1.2800000   0.5450764   0.5584490   0.4479679   0.4490366
   1.3200000   0.5464223   0.5620755   0.4441078   0.4479717
   1.3600000   0.5478903   0.5655719   0.4401865   0.4468326
   1.4000000   0.5494460   0.5693957   0.4360149   0.4456425
   1.4400000   0.5510990   0.5734910   0.4316086   0.4442332
   1.4800000   0.5527962   0.5776986   0.4269790   0.4428967
   1.5200000   0.5546518   0.5820990   0.4222306   0.4414033
   1.5600000   0.5565822   0.5868066   0.4169562   0.4397824
   1.6400000   0.5610590   0.5969052   0.4061243   0.4362254
   1.6800000   0.5634625   0.6022153   0.4002041   0.4341990
   1.7200000   0.5661394   0.6079703   0.3941575   0.4320460
   1.7600000   0.5689026   0.6138369   0.3878214   0.4298221
   1.8000000   0.5719124   0.6198909   0.3808948   0.4272267
   1.8400000   0.5751288   0.6263065   0.3739958   0.4245754
   1.8800000   0.5786196   0.6329833   0.3666911   0.4215284
   1.9200000   0.5824149   0.6398546   0.3591778   0.4184186
   1.9600000   0.5864939   0.6470612   0.3514216   0.4149822
   2.0000000   0.5908930   0.6544232   0.3433942   0.4112500
   2.0400000   0.5956441   0.6619325   0.3351650   0.4072056
   2.0800000   0.6007243   0.6696112   0.3267042   0.4028340
   2.1200000   0.6060961   0.6772098   0.3180546   0.3980107
   2.1600000   0.6120367   0.6850757   0.3093613   0.3928864
   2.2000000   0.6183306   0.6929342   0.3005197   0.3872667
   2.2400000   0.6251985   0.7009215   0.2919259   0.3813776
   2.2800000   0.6323733   0.7086289   0.2830196   0.3748445
   2.3200000   0.6400739   0.7163023   0.2743867   0.3679799
   2.3600000   0.6483941   0.7237957   0.2659309   0.3605623
   2.4000000   0.6572149   0.7311943   0.2576912   0.3526330
   2.4400000   0.6664234   0.7381918   0.2496191   0.3442400
   2.4800000   0.6761883   0.7450332   0.2419924   0.3353199
   2.5200000   0.6860614   0.7512627   0.2344286   0.3258151
   2.5600000   0.6965215   0.7573067   0.2274267   0.3159123
   2.6000000   0.7073507   0.7629130   0.2207804   0.3055455
   2.6400000   0.7180236   0.7679514   0.2144083   0.2946705
   2.6800000   0.7293916   0.7728329   0.2087246   0.2836489
   2.7200000   0.7402759   0.7771391   0.2033812   0.2722867
   2.7600000   0.7513364   0.7811259   0.1985127   0.2607897
   2.8000000   0.7622204   0.7847212   0.1941185   0.2493585
   2.8400000   0.7727494   0.7879242   0.1901159   0.2379116
   2.8800000   0.7832150   0.7909729   0.1867789   0.2272523
   2.9200000   0.7925297   0.7933238   0.1833911   0.2158001
   2.9600000   0.8015923   0.7955751   0.1806561   0.2055851
   3.0000000   0.8093573   0.7972998   0.1781086   0.1955078
